7 0.52645944375 0.8778891359375001 0.497817909375 0.8801098984375001 0.47950983281250004 0.8862204703125001 0.4487139671875 0.9072948562500001 0.44264865468750003 0.9026476515624999 0.42786328124999995 0.9026697578125 0.426393140625 0.9279059609375 0.44847931562500004 0.9294500625 0.47694745781250003 0.9483329984375001 0.5038634578125001 0.9576053046874999 0.5639341625000001 0.95969341875 0.59801808125 0.9546857765625001 0.630498971875 0.9590681796875 0.6478165828125 0.9518325703125001 0.6580784125 0.93882471875 0.656883434375 0.9049558609374999 0.643078153125 0.888153834375 0.6181430890625 0.8811316046875 0.6042256687500001 0.8843817656249999 0.52645944375 0.8778891359375001
7 0.3761296828125 0.7755954218750001 0.35806663125 0.7774999609375 0.3590062140625 0.7976256796875 0.37688549843749997 0.798875665625 0.3918037578125 0.8146997140625001 0.4062828515625 0.8199351500000001 0.43751788124999996 0.809449378125 0.48354865625 0.816890671875 0.5290790109375 0.814794859375 0.5953884234375 0.8004264828125001 0.59826745 0.751005584375 0.5228496953125 0.7404539812500001 0.4698347703125 0.7441381093749999 0.4395902078125 0.7557489171875 0.40185070156249997 0.75099886875 0.386514025 0.760484553125 0.3761296828125 0.7755954218750001
7 0.491771378125 0.6938679484375 0.4921492890625 0.7055080703125001 0.5002567890625 0.7113538421875 0.5097222953125 0.7120156 0.5326255421874999 0.7357884359375 0.5510665046875001 0.7455240203125 0.6110146984375 0.7497151515625 0.6683694 0.76217129375 0.6916910671875 0.7606344 0.6926711609375 0.7438102625 0.702932990625 0.7308024109375 0.6823782109375001 0.7029705953125001 0.669012096875 0.6967571828125 0.5509637578125 0.6747788375 0.5295617671875 0.679617315625 0.5121216453125 0.688955940625 0.4963458046875 0.6878530125 0.491771378125 0.6938679484375
7 0.34466210468749997 0.59067355 0.3429978234375 0.60111510625 0.33025463906249997 0.6023357796875 0.324567234375 0.6093286953125 0.3238934203125 0.6208952890625 0.3293461734375 0.6360575796875 0.3499622109375 0.662837884375 0.35628291875 0.681228228125 0.39300182031249997 0.7397522671875 0.407174634375 0.75024524375 0.441697715625 0.7558262140625 0.44732386562500004 0.74988480625 0.44885526249999996 0.7235970953125 0.44463799843749996 0.70535380625 0.426064153125 0.6797720671875 0.4016803890625 0.6632862609375 0.39986247812500003 0.6219833171875 0.386179709375 0.6030782718750001 0.373119875 0.591607315625 0.35220793125 0.5880337250000001 0.34466210468749997 0.59067355
7 0.2040064234375 0.521715653125 0.198380275 0.527657059375 0.2042721921875 0.5534079640625 0.24921073593749998 0.5977255828125 0.2557152109375 0.6129614015625 0.27292068281250004 0.6257779828125 0.2835095390625 0.6434109328125001 0.31271275 0.64967576875 0.32286244218750004 0.65672010625 0.33133748125 0.6562568265625 0.337208653125 0.6461093859375 0.32097290312500004 0.5985194968750001 0.288287496875 0.561393271875 0.27411468125 0.5509002953125 0.27052035 0.5400910953125 0.251640225 0.5197668984375 0.236293175 0.511303409375 0.21643295468749998 0.5078033484375 0.21458490624999998 0.52139943125 0.2040064234375 0.521715653125
7 0.4517540515625 0.6013279953125 0.4604232296875 0.6156593640625 0.45963727656250003 0.6472781453125 0.48754374375 0.6576754890625 0.49725427031249997 0.6541312125000001 0.5086394515625 0.658094553125 0.5155623484375 0.6480206390625 0.5177166765625 0.629167015625 0.5089042390625 0.5810403203125001 0.498254128125 0.5644588765624999 0.49458816875 0.5367520125 0.480415353125 0.5262590359375 0.47564678593750004 0.5174793249999999 0.4641390921875 0.5156190015625 0.4499257671875 0.542075878125 0.449190696875 0.5546939796875 0.45563391875 0.5709813078125 0.4517540515625 0.6013279953125
7 0.5046257203125 0.563848540625 0.5040131625 0.5743636249999999 0.51299899375 0.6013866250000001 0.5524338984375 0.649542634375 0.564758665625 0.6736316921875 0.579176503125 0.6799186359375 0.598230021875 0.6791391328125 0.60205900625 0.6677931265625 0.6118920453125 0.6621458328125 0.605070915625 0.634218384375 0.58811046875 0.6171957703125 0.5551084109375 0.5673779140625 0.5336960484375 0.5542672203125 0.5190944421875 0.5511348015624999 0.5114157296874999 0.537928471875 0.5030632046875 0.536288734375 0.496446590625 0.5411051046875001 0.4960178 0.5484656640625001 0.5046257203125 0.563848540625
7 0.4702345421875 0.46536717968749997 0.481190934375 0.47669108125 0.49252523281249994 0.499655103125 0.5119566609375 0.5105157218749999 0.544682578125 0.5106920921875 0.552606309375 0.5196923906250001 0.6027930953125 0.546428478125 0.6153525109375 0.5483623328125 0.6241950828125 0.5415900015624999 0.6262269 0.52483939375 0.6328435140625001 0.520023025 0.6332723062500001 0.5126624640624999 0.6224384281249999 0.49923554843750007 0.5695968953125 0.48181597812500004 0.5265271499999999 0.45980062187500004 0.5013470609375 0.4569844265625 0.4863166625 0.4612125671875 0.47592194687499995 0.458374265625 0.4702345421875 0.46536717968749997
7 0.42634772343750005 0.421123090625 0.415902125 0.43728546718750005 0.3598752890625 0.47454433749999997 0.3422108890625 0.52398734375 0.37480391874999996 0.508317559375 0.4613815984375 0.45419033906250006 0.46749779374999995 0.4398368625 0.4684166328125 0.42406423593750003 0.4595024296875 0.4139389015625 0.4460138015625 0.40982850312499997 0.42634772343750005 0.421123090625
7 0.34053623437499997 0.5164797265625001 0.3440589375 0.5103912625 0.346825825 0.48102255468750005 0.34323149218750004 0.47021335468750003 0.3311008671875 0.46091894375000003 0.31328283749999997 0.4586174484375 0.29751736875 0.475463690625 0.2931370828125 0.49627327499999996 0.289328846875 0.543517628125 0.299917703125 0.5611505765625 0.319032478125 0.55931956875 0.33343994375 0.5476573375 0.3404240953125 0.5365319171875 0.34053623437499997 0.5164797265625001
7 0.40159740624999996 0.51969288125 0.372414940625 0.5493263890625 0.3595596171875 0.5705992531249999 0.359569990625 0.588548425 0.3700872171875 0.5892837125 0.383208309375 0.5997031609375 0.39057036875 0.6002178609375 0.4091847265625 0.5888497453125 0.43855095781250003 0.5560617125 0.46185187812499995 0.5186264703125001 0.46952021874999994 0.513883628125 0.47100073125 0.5065965968749999 0.46134108749999997 0.49114019062500003 0.45503075156249995 0.4906990203125 0.4512526515625 0.48304434687500003 0.44283886875 0.4824561171875 0.4263279578125 0.4939712890625 0.41235965625000004 0.5162221312499999 0.40159740624999996 0.51969288125
7 0.23013745000000002 0.6713532843750001 0.24350356718750002 0.6775666984375001 0.25940191874999996 0.6765666109375 0.26440513593750004 0.663191115625 0.2835199109375 0.66136010625 0.2769438078125 0.629226621875 0.257573634375 0.6173144921875 0.25020120156250003 0.5988506203124999 0.227359209375 0.574026275 0.205946846875 0.56091558125 0.1850961625 0.5562904828125 0.170800834375 0.547900521875 0.16647143281250001 0.5497094234375 0.16499091875 0.55699645625 0.1747938203125 0.6062481890625 0.2196098515625 0.6526688265625 0.23013745000000002 0.6713532843750001
7 0.6476175359375 0.3933051984375 0.6575118296875 0.3866063984375 0.6568889 0.379172309375 0.6474846515625 0.37745904375 0.6115423125 0.3781135953125 0.54951141875 0.40967375156249997 0.5393108437499999 0.42163009375 0.5451415046875 0.4484325078125 0.5671664265625 0.4510281171875 0.5922748859375 0.4369466484375 0.6124310125 0.41723999375 0.6391528703125 0.41171765000000005 0.6476175359375 0.3933051984375
7 0.162826215625 0.55790090625 0.1706783234375 0.5500035390625 0.1910285890625 0.5450915328125 0.197767715625 0.53817214375 0.20078999843749998 0.522546575 0.21458490624999998 0.52139943125 0.2248976203125 0.489390896875 0.215615884375 0.4855746140625 0.11127105781249999 0.5183996578125 0.1053998859375 0.5285471 0.1047260703125 0.5401136921874999 0.1085758 0.5646660296875 0.12311615000000001 0.56884995625 0.139075759375 0.5667983609375 0.162826215625 0.55790090625
7 0.19747082968750002 0.45263231406250004 0.20471037500000003 0.45525003281250004 0.22085375156249998 0.45004391093749996 0.24441006875000001 0.42635180781250004 0.251884265625 0.40681431874999996 0.263882009375 0.40026257656249997 0.2698040625 0.3711144515625 0.2607060921875 0.36414364374999997 0.24159131718750002 0.365974653125 0.2290422734375 0.381989975 0.2171670453125 0.38643870156250004 0.1870553671875 0.41389566718750004 0.18229717343750002 0.423065128125 0.184533503125 0.43905834062500004 0.19747082968750002 0.45263231406250004
7 0.3063609234375 0.57743790625 0.309822371875 0.57240095 0.30869901875 0.55542975625 0.28856265937500003 0.5022882109375 0.264229778125 0.46680172343750004 0.24461458125000002 0.45909562968750006 0.2260614828125 0.469412234375 0.22292706093749998 0.50508999375 0.24854631249999998 0.5184948046875 0.2624741046875 0.533193815625 0.27274630625 0.5381351343749999 0.282222184375 0.556746065625 0.2970791859375 0.573621621875 0.3063609234375 0.57743790625
7 0.33083509843750003 0.42922663125 0.2727453265625 0.429388590625 0.2522112921875 0.43745512187499996 0.2389168046875 0.44813937187499997 0.226112365625 0.4504115546875 0.2247543625 0.4555955671875 0.23156512031249998 0.4655738453125 0.24004015625 0.465110565625 0.24467583906249998 0.45804412031249997 0.2519766421875 0.45961032968750004 0.2720922578125 0.4768535296875 0.2974561140625 0.47651519999999997 0.3054307328125 0.46651481562499997 0.3173672171875 0.4610145796875 0.3299266328125 0.4629484296875 0.34416070312499997 0.47238990000000003 0.358884821875 0.4734193015625 0.395184321875 0.448506525 0.3900378484375 0.4280866921875 0.36603199375 0.42324100937500003 0.33083509843750003 0.42922663125
7 0.2988941546875 0.28868493281249996 0.2722335515625 0.29315576718749997 0.25479343125 0.3024943953125 0.258459390625 0.3302012578125 0.2707125265625 0.3373926515625 0.28339445625000004 0.33722348750000003 0.37610907656250003 0.3046411359375 0.3887806296875 0.2865227984375 0.3861155078125 0.2778901453125 0.345282090625 0.271868003125 0.2988941546875 0.28868493281249996
7 0.3849827671875 0.351716325 0.4338520578125 0.346686575 0.4478919890625 0.341333396875 0.467864346875 0.3247812671875 0.47955580781249996 0.323487065625 0.47719696562499997 0.30959686875000003 0.45919516875 0.31044989843750004 0.4342601015625 0.30342766875 0.354155784375 0.318943190625 0.34970386875 0.322855109375 0.3491525671875 0.33231868750000004 0.35436029687500004 0.3516870109375 0.3593738875 0.3562606890625 0.3719945609375 0.3571430328125 0.3849827671875 0.351716325
7 0.4224263671875 0.3796730890625 0.42787911875000006 0.39483537968750004 0.42164041250000006 0.4112918703125 0.42349883593750004 0.41564496249999994 0.43191261562500005 0.41623319218750005 0.4449620796875 0.40975497499999997 0.462657596875 0.4141594875 0.46984626250000006 0.4357778859375 0.5017654765625 0.43167469374999995 0.5185317859375 0.43390266093749996 0.5213090453125 0.422483125 0.5078204171875 0.4183727265625 0.48906280312500006 0.3959455140625 0.4093665296875 0.36820213125 0.3976138125 0.370547840625 0.3952040859375 0.37565832499999996 0.4184032421875 0.376224446875 0.4224263671875 0.3796730890625
7 0.2856006484375 0.408115728125 0.28195543437500004 0.41630720937500004 0.2930343375 0.42552809218750004 0.32446350625 0.42983696718750003 0.347968940625 0.42514554843749996 0.3881181703125 0.42478510937499997 0.3905891515625 0.4186231171875 0.429747915625 0.41713764218750005 0.42992131093749997 0.39603394375 0.4253977671875 0.3830481984375 0.416299796875 0.376077390625 0.4015756796875 0.375047990625 0.35580029999999996 0.38134983437500003 0.3352050109375 0.3904678765625 0.31200585625 0.38990175312500003 0.299579325 0.40381405781249996 0.2856006484375 0.408115728125
7 0.2714683453125 0.36067289687500004 0.2630244265625 0.41498369375 0.26767048125000004 0.425866421875 0.2890724703125 0.42102794374999997 0.2940756875 0.40765244687499996 0.309289853125 0.40026978125 0.3119446 0.3909532609375 0.3126692984375 0.3603859859375 0.299231553125 0.3372749078125 0.29186949375000004 0.336760209375 0.2714683453125 0.36067289687500004
7 0.3210623328125 0.32507587031249996 0.3065936109375 0.337789609375 0.305858540625 0.3504077109375 0.3309981203125 0.3901737609375 0.346896471875 0.3891736734375 0.3760280546875 0.3785408453125 0.340738784375 0.33173045624999997 0.3210623328125 0.32507587031249996
7 0.4173401640625 0.2494552015625 0.389954865625 0.284493309375 0.385012903125 0.29681729843750004 0.3861975125 0.3127369828125 0.42993070156249996 0.305236571875 0.45150608593749997 0.2792943953125 0.45756102500000007 0.265992428125 0.45761190625000003 0.24699174687499997 0.447584728125 0.23784439375000002 0.43607703437499995 0.23598407031250002 0.4173401640625 0.2494552015625
7 0.3200200015625 0.23420497031249998 0.290755534375 0.2289916421875 0.28160668125 0.24102151562500002 0.27975863125 0.2546175984375 0.28279129062499997 0.2569412015625 0.319417815625 0.262669228125 0.3324776515625 0.274140184375 0.37584330625 0.272948825 0.3724327421875 0.25898509999999997 0.3674191515625 0.254411421875 0.3476201875 0.24985985312499998 0.3200200015625 0.23420497031249998