7 0.80932329375 0.6794525625000001 0.80620769375 0.694040934375 0.78458375625 0.7145758984375 0.7774810078125001 0.7283139640625 0.7794437046875 0.742336390625 0.795749159375 0.7482871531249999 0.80336660625 0.7474382359375 0.8291767046875 0.7199634953125 0.8509584828125 0.7097681484375 0.8773244484375 0.6770528578125 0.906208975 0.65311944375 0.9009934218750001 0.6342809234375 0.8888535421875 0.6304552359375 0.8834389765624999 0.6194067984375 0.8620346375000001 0.62308683125 0.81662505625 0.6579244140625 0.8171397515625 0.6708135609375 0.80932329375 0.6794525625000001
7 0.584539884375 0.335527821875 0.59302888125 0.350117584375 0.60499033125 0.35266850625 0.6156616234375 0.3644257640625 0.6401609765625 0.35522220937500004 0.6934487734375 0.28455107812499997 0.7009495484375 0.255232846875 0.7345966890625 0.21005425937500002 0.72902428125 0.18866620781250001 0.7168844015625 0.1848405171875 0.7020063640624999 0.189087884375 0.6905390234375 0.2084909578125 0.6692719421875 0.23157545625 0.646399015625 0.24318705624999998 0.6013051203125 0.2987038703125 0.584539884375 0.335527821875
7 0.4486748328125 0.3597316953125 0.55039863125 0.35875241406249997 0.589597596875 0.34402672500000003 0.5841830296875 0.33297828906250004 0.5962062375 0.3083346640625 0.5701010390625 0.30606532343750004 0.554708303125 0.2974235421875 0.520072940625 0.29869413906250003 0.4961500375 0.29359229375 0.4535197875 0.302227121875 0.44387788749999996 0.316248159375 0.4503630171875 0.33494519375 0.4452641328125 0.3445759859375 0.4486748328125 0.3597316953125
7 0.2395725578125 0.61607198125 0.26194453281249996 0.6653647921875 0.27459910781249997 0.682079628125 0.3030444421875 0.691856078125 0.31066188906250003 0.6910071609374999 0.3226850953125 0.6663635359375 0.3182038328125 0.6435592328124999 0.2943632703125 0.602197990625 0.2821067203125 0.5699029890625 0.2668924125 0.5625359734375001 0.22696599218750002 0.49836903593750004 0.2164525421875 0.49695139375 0.2024666375 0.50757259375 0.22807088593749997 0.57074634375 0.2308845484375 0.6092723015625 0.2395725578125 0.61607198125
7 0.145219046875 0.2459597796875 0.1425632265625 0.2177734375 0.1117983421875 0.191425028125 0.10382404062499999 0.1897244109375 0.08384711875 0.2036025734375 0.0809099453125 0.2194657109375 0.06329374374999999 0.2317861328125 0.050378403125000006 0.2500559296875 0.0371817078125 0.3123752015625 0.0107745734375 0.3632201921875 0.009642257812500001 0.3827661421875 0.01995669375 0.3919738671875 0.0379297484375 0.3822029765625 0.042671778125 0.37002265156249997 0.0693740109375 0.34892174374999996 0.0753856140625 0.3365999296875 0.102266275 0.31677378906250003 0.09526645 0.28518760625 0.10310349218749999 0.2674837546875 0.11435123750000001 0.264935615625 0.12666954218749998 0.2700360703125 0.135398721875 0.25870605 0.134328159375 0.251057453125 0.145219046875 0.2459597796875
7 0.1944854296875 0.34922000937500003 0.1954942375 0.384063153125 0.2110242296875 0.41210939843750005 0.22062495937499998 0.41621805937499995 0.2482810828125 0.37429643281249997 0.25366131875 0.320616159375 0.2633032171875 0.3065951203125 0.2763764015625 0.29866494062500004 0.280940003125 0.28520985 0.27193631093750004 0.257730940625 0.2636051546875 0.2534807921875 0.2525358390625 0.25730369999999997 0.24422526875 0.243988703125 0.2246257859375 0.2513515484375 0.214805459375 0.26409781875 0.1944854296875 0.34922000937500003
7 0.4595521140625 0.75986121875 0.468397965625 0.7770005125 0.5297698937499999 0.8193577187500001 0.5500830859375 0.8170939390624999 0.5522859640625 0.8051965843750001 0.561728853125 0.79896563125 0.5603014359375 0.7887675015625 0.53298841875 0.7594451015625 0.5184878187499999 0.75717715 0.504563671875 0.7406037999999999 0.4779026078125 0.7435750109375 0.444756415625 0.7278491875 0.42969994843750003 0.7308217875 0.42896565468750003 0.734787571875 0.4595521140625 0.75986121875
7 0.386397021875 0.23720709687500002 0.3959565828125 0.25944545625000004 0.4198588984375 0.273612153125 0.42237746249999997 0.28239402812500003 0.43812705156250004 0.2935853421875 0.4560589359375 0.30194415 0.47655055468749996 0.3009551375 0.4892462984375 0.29954027499999997 0.49361088906250006 0.293875265625 0.4793298859375 0.2747523828125 0.4686997640625 0.24486542656250002 0.45475502968750003 0.23735692656250001 0.39725357968749997 0.1673807125 0.37660411875 0.1580301109375 0.3642652296875 0.16199450625 0.360037896875 0.1870639796875 0.34732156718749996 0.1975436890625 0.3534292578125 0.22275604062499998 0.386397021875 0.23720709687500002
7 0.3268574421875 0.3461198234375 0.3211821078125 0.37005601875 0.2931691296875 0.40942811093750003 0.314333284375 0.43166785937499996 0.3519469921875 0.396404428125 0.3795413609375 0.38167735 0.4346340125 0.31468903125000003 0.4392182 0.2921690890625 0.4238254640625 0.2835273078125 0.42402447656250003 0.275737225 0.40682688437500003 0.26341263125 0.3939527140625 0.26355272812499997 0.387048975 0.2695007109375 0.37829921093749996 0.289895578125 0.35740956874999996 0.30646475781250004 0.3268574421875 0.3461198234375
7 0.19502761875000002 0.5096962734375 0.21825739843749997 0.50063420625 0.2224435609375 0.49369443124999995 0.197628521875 0.4822187546875 0.141931928125 0.415925353125 0.07242785625 0.36152791875 0.0553881078125 0.3595429390625 0.0237654171875 0.3915494078125 0.0358641265625 0.41350479531250006 0.07968160937499999 0.44098787812499995 0.11479049999999999 0.470736128125 0.147222984375 0.4813628875 0.19502761875000002 0.5096962734375
7 0.312418665625 0.5561677031250001 0.315829365625 0.5713234109374999 0.338304265625 0.5752919765625 0.397617409375 0.5660925906250001 0.4087073109375 0.5532048359374999 0.4399113921875 0.54584338125 0.4414005625 0.5288469640625 0.43507327656249994 0.52048954375 0.41422480312500004 0.5189290265625 0.38433146875 0.5080192953125 0.3070658546875 0.51792471875 0.30902855156250003 0.5319471484375 0.3001209453125 0.5420024 0.3011915078125 0.549650996875 0.312418665625 0.5561677031250001
7 0.5585925984375 0.583108475 0.5231474390625 0.5417458421875 0.49361095781250003 0.53338564375 0.44300640625 0.5403198578125 0.44947095 0.568081740625 0.4554413828125 0.5738896265625 0.5083449 0.592592221875 0.52738851875 0.590469928125 0.5489506984375 0.5971295125 0.5596631609375 0.5907570718749999 0.5585925984375 0.583108475
7 0.5276424468750001 0.6383437046875 0.5398029109375 0.6331045468750001 0.5411136546875001 0.6148333609375001 0.520642621875 0.606757525 0.49023459062499997 0.5829586484375 0.43784576875000003 0.5771452 0.41949527499999995 0.59343140625 0.42359909843750004 0.6227510281249999 0.436452684375 0.6316757828124999 0.47053218125 0.6356457359375 0.47904176249999997 0.6411706515625 0.5104242703125 0.6350839625 0.5276424468750001 0.6383437046875
7 0.36554184843750004 0.79752574375 0.39765865 0.7874732718749999 0.4022428359375 0.76495333125 0.3937538390625 0.75036356875 0.381435534375 0.7452631125 0.32866927343749996 0.7459649828125 0.30964624218750003 0.739022428125 0.27138058125 0.741992246875 0.2612034015625 0.7521889859375 0.2602700953125 0.763944853125 0.28871542968749997 0.7737213046875 0.306091446875 0.7873206640625 0.36554184843750004 0.79752574375
7 0.37642583125 0.6357761015625 0.3927450328125 0.7155204234375 0.401590884375 0.7326597171875 0.41137004062500004 0.73804314375 0.4197217796875 0.7332284437500001 0.436761528125 0.7352134203125 0.44785142968749997 0.7223256640625 0.4475151609375 0.7107112828125 0.4364320984375 0.6407406296875 0.414018953125 0.60957751875 0.404123125 0.5757247765625 0.3945223953125 0.571616115625 0.3798227828125 0.5771382484375 0.3943027984375 0.588471046875 0.39642333750000003 0.612833090625 0.37642583125 0.6357761015625
7 0.29276426718750004 0.5078666859375 0.3094265765625 0.51636698125 0.3513225328125 0.5116979374999999 0.3510068484375 0.49101870625000005 0.3396424328125 0.4650975328125 0.3296848515625 0.458439340625 0.307827571875 0.42203567656249996 0.2906299796875 0.40971108437500003 0.2761293796875 0.4074431328125 0.271208925 0.41834869374999994 0.25724360625 0.4199050421875 0.25051829375 0.4271277890625 0.25246040625 0.450215065625 0.29276426718750004 0.5078666859375
7 0.2587876921875 0.458572484375 0.2510329890625 0.4400169375 0.2536133078125 0.4216042671875 0.27501764687499997 0.41792423593750005 0.2781332484375 0.4033358625 0.2612925109375 0.3935608015625 0.24823991250000002 0.39242613125000003 0.23516672968750002 0.4003563109375 0.2460919484375 0.4599873453125 0.242022459375 0.4953964359375 0.2603866984375 0.5529037890625 0.2725059921875 0.5657943265625 0.28048029375 0.5674949421875 0.29662790625 0.5631060890625 0.301905215625 0.5547500609375 0.301033665625 0.53931138125 0.3077589765625 0.532088634375 0.3052404125 0.52330675625 0.289312396875 0.510840678125 0.29187213125 0.5014928546874999 0.26384540625 0.46707138906249995 0.262953271875 0.46069755937499995 0.272197146875 0.46225668750000004 0.271661865625 0.4584323890625 0.2587876921875 0.458572484375
7 0.8474104578125001 0.43569759843750006 0.8397724249999999 0.44561136250000005 0.8719441437500001 0.4912227515625 0.880453725 0.49674766718749996 0.8938837625 0.4913670203125 0.8950366656250001 0.46275622031249997 0.893135721875 0.42153924531250003 0.880741915625 0.3698397765625 0.8653903515625 0.34306829843750003 0.8334725625000001 0.3453306875 0.82456495625 0.3553859390625 0.8235904796875 0.3852715078125 0.8244826156249999 0.3916453375 0.8382489234375001 0.397879071875 0.8351127375 0.42153229375 0.8474104578125001 0.43569759843750006
7 0.4381752 0.6716179906249999 0.44575147499999995 0.688898771875 0.45842663437500003 0.6965487578125 0.4774702515625 0.694426465625 0.4880042859375 0.686779259375 0.5090311859375001 0.6896145453125 0.5377167015625 0.6734712125 0.539027446875 0.6552000296875 0.5009813828125 0.641314915625 0.49082478749999997 0.6424468046875 0.486460196875 0.648111815625 0.47106746250000003 0.639470034375 0.44839355000000003 0.643291553125 0.43857322343750005 0.6560378250000001 0.4381752 0.6716179906249999
7 0.517259415625 0.7391889390624999 0.544256746875 0.747832109375 0.5638562312500001 0.740469265625 0.5664159640624999 0.73112144375 0.5548319515625 0.7220552031249999 0.5403313515625 0.719787253125 0.5095664671875 0.69343884375 0.49163458125000004 0.6850800328125 0.476200678125 0.6945679515625 0.46223535781249997 0.6961242984375 0.4489425765625 0.7209094109375 0.450925859375 0.7258669890625 0.486254346875 0.7387603078125 0.517259415625 0.7391889390624999
7 0.3852785890625 0.809567365625 0.39586754062499996 0.8575840187500001 0.40600355156249995 0.8655169796875001 0.420346309375 0.8574453140625 0.4197561125 0.797957153125 0.41299646875 0.7404511921875 0.4032173125 0.7350677640625001 0.3909401765625 0.7118376093750001 0.3633458078125 0.7265646890624999 0.36876037500000003 0.737613125 0.3894098359375 0.7469637265625 0.40043798124999996 0.7612705171874999 0.397837078125 0.7887480390625 0.377146446875 0.797527134375 0.3852785890625 0.809567365625
7 0.14391521093749998 0.42088293125 0.19635894843749999 0.4823602421875 0.2224435609375 0.49369443124999995 0.24469886562499998 0.514517928125 0.2494203078125 0.5114024500000001 0.24132933437499998 0.4812325234375 0.24680565781250002 0.4650864109375 0.23998425937499998 0.43477499531249997 0.21211537656249999 0.4106931453125 0.199838240625 0.387462990625 0.1878973765625 0.3758472203125 0.15671388125000002 0.374143825 0.15359828125 0.388732196875 0.1370938125 0.3905715171875 0.13508994375 0.3946787875 0.14391521093749998 0.42088293125
7 0.3924979421875 0.5847882359375001 0.371491628125 0.5728881015625 0.34917456874999997 0.5792591500000001 0.3173322828125 0.628120553125 0.32540267031250003 0.66735533125 0.35261960000000003 0.6591435703124999 0.38805101249999996 0.6267126421875 0.397514484375 0.6114168390625 0.3924979421875 0.5847882359375001
7 0.3803718109375 0.65475610625 0.37422295 0.647673453125 0.352441171875 0.657868803125 0.34023953906250004 0.6812376625 0.3332740453125 0.7143801921875 0.3218067046875 0.733783265625 0.3317642890625 0.740441459375 0.3633458078125 0.7265646890624999 0.3902470546875 0.697673696875 0.3803718109375 0.65475610625
7 0.7115385671875 0.5427598812500001 0.6808285984375 0.57207533125 0.671701396875 0.598985515625 0.676937534375 0.6087591859375 0.6869157046875001 0.6063525296875001 0.71580023125 0.582419115625 0.76281565625 0.5590544296875 0.7878914609375001 0.5355454749999999 0.8013626703125001 0.512035128125 0.7956118328125 0.4893723109375 0.77821523125 0.48483780000000004 0.7497287265625 0.4931910484375 0.75387371875 0.5043809703125001 0.745679821875 0.5195352890625 0.7309596234375 0.5341222703125 0.7115385671875 0.5427598812500001
7 0.636551334375 0.5873669625 0.6581341 0.5849616984375 0.7413152328125 0.5252002984375 0.754230571875 0.506930503125 0.7448288562500001 0.49503175937500005 0.7444925859375 0.48341737812499996 0.7269175578125 0.47760810156250005 0.7047789250000001 0.4852539171875 0.6555606203125001 0.5205159593750001 0.6411766921875001 0.546717321875 0.6304642312500001 0.5530897640625 0.63093775625 0.5841086093750001 0.636551334375 0.5873669625
7 0.660158415625 0.09276882187499999 0.652689815625 0.018991334375 0.6174539390625 0.017966075 0.6178918578125 0.021094775 0.611502815625 0.039931903125 0.6091970109375 0.097153503125 0.602073675 0.11995641718750001 0.60210800625 0.184685128125 0.6090872468749999 0.2253361578125 0.6181321093750001 0.234685371875 0.6355492984375 0.23015503124999998 0.643880453125 0.23440517968750002 0.6527674734375 0.2334147765625 0.6618535078125001 0.2246342890625 0.6655249734375001 0.2048053640625 0.6668425578125 0.10367577187499999 0.660158415625 0.09276882187499999
7 0.13384095468749999 0.3857554265625 0.1539757203125 0.38221688125000003 0.1592530296875 0.373860853125 0.1860925203125 0.37216440781250004 0.166342034375 0.286329228125 0.1393858703125 0.2595563578125 0.1306772765625 0.261821528125 0.1253999671875 0.2701775546875 0.1116336609375 0.263943821875 0.10419464062499999 0.26606750468749996 0.09417530156250001 0.286603859375 0.118489390625 0.3589839453125 0.13384095468749999 0.3857554265625
7 0.052135318750000006 0.5942372265625 0.059553753125 0.6011783921875 0.0627860265625 0.6150593343749999 0.0770876140625 0.625117365625 0.0972223765625 0.6215788203125 0.1012301125 0.6133642781249999 0.1589374140625 0.5926919984375 0.1557051421875 0.57881105625 0.13832912343749998 0.5652117 0.140552590625 0.5442494953125 0.125317696875 0.5459473296875 0.09589788593750001 0.5660564453125 0.07286711875 0.56732843125 0.059793934375 0.5752586109375 0.0521559046875 0.5851723765625 0.052135318750000006 0.5942372265625
7 0.2250719578125 0.6138040296875 0.233958978125 0.6128136265624999 0.2313031578125 0.584627284375 0.217241753125 0.548649471875 0.17794669999999999 0.5258409953125 0.15346793125 0.5259797015625 0.15108662343749998 0.5366022890625 0.1383702953125 0.547082 0.1365242703125 0.5615288859375 0.141760409375 0.5713025578125001 0.1636588578125 0.589576521875 0.180341753125 0.5890119687500001 0.2250719578125 0.6138040296875
7 0.25219273124999997 0.3285477296875 0.248322253125 0.356166734375 0.25550050625 0.38902768125 0.280672396875 0.403052890625 0.30390217656249996 0.393990821875 0.3110255125 0.3711879078125 0.3193772515625 0.36637320624999997 0.3154106875 0.35645804999999997 0.3194595921875 0.3301138078125 0.30497957656249997 0.318781009375 0.30228258750000003 0.3087243671875 0.2912338546875 0.3034824234375 0.280699821875 0.3111296328125 0.27092066406250004 0.305746203125 0.2622120703125 0.30801137343749996 0.25219273124999997 0.3285477296875
7 0.641938409375 0.45082828125 0.6620731734375 0.4472897359375 0.6845892453125 0.43312860000000003 0.6858794031250001 0.4239222671875 0.658209534375 0.3920503328125 0.6489656578125 0.39049120312499996 0.60986961875 0.3598926453125 0.5857682890625 0.353516034375 0.5786449515625 0.37631894843749997 0.560294459375 0.3926051546875 0.5610081671875 0.39770421875 0.5733058875 0.41186952187500003 0.641938409375 0.45082828125
7 0.7357565 0.33809542812500004 0.6570634703125 0.337802721875 0.623992778125 0.3686759125 0.628673053125 0.38369013281250003 0.639008075 0.383833009375 0.6652711140625 0.396441965625 0.7245636734375 0.39630743125 0.7441631578125001 0.3889445875 0.74553565625 0.3434788546875 0.7357565 0.33809542812500004
7 0 0.5314510593749999 0.0061149546875 0.5786514984375 0.04041405 0.565766521875 0.0375592171875 0.5453702625 0.0079884046875 0.47228135312499997 0 0.4594825203125 0 0.5314510593749999