7 0.6961986796875 0.284154640625 0.748180284375 0.29410037031249997 0.7699424625 0.30640484218749997 0.850885371875 0.31272940625 0.8718704046875001 0.3119985265625 0.893282975 0.30080282187499996 0.8926127171875 0.2851512640625 0.89949119375 0.2770742453125 0.8963581328125001 0.25758973749999997 0.88219813125 0.2515517015625 0.819349915625 0.2511281328125 0.7895045828125 0.244330153125 0.7655757671875 0.2530010109375 0.706555359375 0.255056609375 0.69641245 0.2789222265625 0.6961986796875 0.284154640625
7 0.5766614859375 0.3248927265625 0.5825780015625 0.3403615640625 0.5942217578125 0.3438747546875 0.6028682890625 0.35663602499999997 0.629366790625 0.3491819109375 0.696305565625 0.281538434375 0.7092853734375 0.2523490453125 0.751654025 0.2090736640625 0.7499394125000001 0.18692726875000001 0.7383491 0.1821059765625 0.7225034406249999 0.18527034375 0.707328040625 0.20408626562499999 0.6815532375 0.2258838375 0.656259415625 0.235908478125 0.6004010234375 0.28879738125 0.5766614859375 0.3248927265625
7 0.17582155156249998 0.5831206515625 0.189422640625 0.63489661875 0.199166965625 0.6528446234375 0.22617539999999997 0.664966375 0.2340447890625 0.6646922953125001 0.2507455234375 0.6405982796874999 0.2503959171875 0.6170981015625 0.2338510453125 0.5732621140624999 0.2273711546875 0.5395255109375 0.213318040625 0.53087126875 0.18467292500000002 0.46263811875 0.1742872921875 0.4603873515625 0.158174421875 0.47009223437500003 0.1724992109375 0.5362116578125 0.1682728171875 0.5755461125 0.17582155156249998 0.5831206515625
7 0 0.336326753125 0.0145881375 0.33010029687500003 0.0216269390625 0.31809896875 0.052541115625 0.29873488593749997 0.060891482812499995 0.286687878125 0.0917522171875 0.268631896875 0.090465140625 0.236020678125 0.10165240625000001 0.218649896875 0.1135099296875 0.2169306734375 0.12504679999999999 0.2230600703125 0.13596685625 0.21222980468750002 0.13628750781250001 0.2043811859375 0.148251915625 0.20004575624999998 0.1507392078125 0.17122180625 0.12442552031250001 0.1420947125 0.11666301875 0.1397525875 0.09388543906249999 0.15230207499999998 0.0879978765625 0.1681820328125 0.0678968703125 0.17933205624999998 0.051463346875 0.19688555937500002 0.026654965625 0.25914296718749996 0 0.29577891093750003 0 0.336326753125
7 0.17917501875 0.30869306406249997 0.1737973859375 0.3441488890625 0.184372296875 0.37382414218750004 0.19333948125 0.3787367953125 0.2290434265625 0.3383060203125 0.2443501984375 0.2842169921875 0.256688703125 0.2707248390625 0.271383125 0.2636818453125 0.2784753671875 0.25037241250000003 0.2744048390625 0.2217768625 0.26674921875 0.21681853125 0.254838253125 0.21984585625 0.24886829375000002 0.205685121875 0.2276694921875 0.2116484125 0.21538443125 0.22383246093750003 0.17917501875 0.30869306406249997
7 0.372166584375 0.74609366875 0.377976215625 0.7641787140625 0.4323426921875 0.8119223953124999 0.453327725 0.8111915171874999 0.4577433984375 0.7992815484375 0.4684496828125 0.7936836953124999 0.46887722187499997 0.7832188703125 0.4466051125 0.7513385296874999 0.432338228125 0.7479167 0.4212823375 0.730014375 0.3937394796875 0.7309736546875001 0.3630635625 0.7124484265625 0.3472713453125 0.7143046890625 0.3457994546875 0.718274678125 0.372166584375 0.74609366875
7 0.39407787031249997 0.20977136718749997 0.3996737328125 0.2330888234375 0.421275584375 0.2493176046875 0.422213053125 0.2584286484375 0.43610584062499996 0.2710072 0.45272864375 0.28087818593749997 0.47366023593750006 0.281455409375 0.48677588125 0.280998609375 0.4922359078125 0.275583478125 0.4812869015625 0.2550649453125 0.47601169062500004 0.22389886875 0.4632701390625 0.21519894687500002 0.4178953390625 0.13971101875 0.398702846875 0.1286232890625 0.38548031875 0.1316962953125 0.3765955296875 0.1568243359375 0.3617942234375 0.1664835390625 0.3633485109375 0.19255424062499998 0.39407787031249997 0.20977136718749997
7 0.3137851921875 0.3157609546875 0.30364228125000003 0.339626571875 0.2680452203125 0.377441140625 0.28539172343749997 0.40165558125 0.32995596875 0.368753665625 0.3606029328125 0.3559300984375 0.42869294375000006 0.29216525 0.43747084843749995 0.2696534171875 0.4234711765625 0.25969107187499996 0.4251033921875 0.251796771875 0.40995248125000006 0.237955796875 0.396890278125 0.23710449374999998 0.388807121875 0.2426109859375 0.376201409375 0.262643653125 0.35200538125 0.27785502812499996 0.3137851921875 0.3157609546875
7 0.4270451640625 0.460727840625 0.43368091875000003 0.4265344390625 0.42535504062499996 0.40592454843750003 0.395295940625 0.40435897968749995 0.34858954531249997 0.42557932656249997 0.31952135625 0.4318166984375 0.309752540625 0.44652559375 0.31119994218749997 0.475212503125 0.329134309375 0.48503780937499996 0.39907477187499996 0.47215194531250004 0.4270451640625 0.460727840625
7 0 0.3426548046875 0.0067477015625 0.3617231734375 0.04607015 0.393009675 0.0761582046875 0.4259240390625 0.1070478921875 0.43921685312500003 0.1502515921875 0.4716744171875 0.1754385296875 0.46426598124999996 0.180952 0.457542746875 0.1579317 0.44397585156249997 0.1137081359375 0.3723665515625 0.053318257812500006 0.3117702375 0.03642824375 0.3084397671875 0 0.337330228125 0 0.3426548046875
7 0.4739452984375 0.5309376765625 0.5158084828125 0.5320921249999999 0.55384385625 0.5307674046875 0.56329201875 0.5239071296875 0.5638264390625001 0.5108260984374999 0.555447121875 0.491524309375 0.5376730796875 0.47777469375 0.4815430140625 0.4731984171875 0.4325875859375 0.48535340156249995 0.4050981703125 0.48500457812500003 0.3927596671875 0.498496728125 0.399880865625 0.51653609375 0.4481949875 0.520078346875 0.4739452984375 0.5309376765625
7 0.5049173812500001 0.574271184375 0.47662187187500005 0.5295382140625 0.44824843124999997 0.5187702453124999 0.395732403125 0.521905546875 0.3971798046875 0.5505924546875 0.4021588515625 0.5569502515625 0.4522944703125 0.5800226921875 0.4719679390625 0.57933749375 0.49257887812499995 0.5877633375 0.504596728125 0.582119803125 0.5049173812500001 0.574271184375
7 0.46343275625 0.6279657109375 0.4767087296875 0.6235846031250001 0.48139161250000007 0.6051341171875 0.46214568125 0.595354490625 0.43572511093750005 0.5688436046875001 0.38374350625 0.5588978734375 0.3621706078125 0.5740178890625 0.3609414375 0.6041042625 0.3723179828125 0.6141579671875 0.40609800937499996 0.6208189078124999 0.4137001859375 0.6270853437499999 0.446596184375 0.6233271375 0.46343275625 0.6279657109375
7 0.6492874453125 0.438618790625 0.61880080625 0.44751804999999995 0.6118154453125 0.45821127500000003 0.5865216234374999 0.46823591562500005 0.5769665749999999 0.47771239843749996 0.576645921875 0.4855610171875 0.587969025 0.49692282499999996 0.5883186312500001 0.520423003125 0.5947161265625 0.5241189125 0.6105617859375 0.520954546875 0.6549122609375 0.49328504375 0.68818235625 0.4803701171875 0.7101293484375 0.4560933796875 0.7663907890625 0.42539655156249995 0.7705926937500001 0.4187189953125 0.7683971015625 0.4083455296875 0.7556555515625 0.3996456078125 0.739916775 0.4001937671875 0.6944150640625 0.42398464062499996 0.6654537578124999 0.4276058046875 0.6492874453125 0.438618790625
7 0.2700538234375 0.7770811921874999 0.3044217125 0.7693529984375 0.3131996171875 0.7468411640625 0.3072831015625 0.7313723265625 0.29574623125 0.7252429296875 0.24218584999999998 0.721883396875 0.224198040625 0.71336619375 0.1849045453125 0.7134284890625 0.17272636875 0.72299633125 0.1696222609375 0.7348606203125 0.196630696875 0.7469823718749999 0.2117281640625 0.76213145 0.2700538234375 0.7770811921874999
7 0.31078133124999996 0.6136887203125 0.31266073437499997 0.6959164999999999 0.318470365625 0.7140015453124999 0.3273841078125 0.7202223 0.3367253859375 0.71597823125 0.35361539999999997 0.7193087015625 0.367212025 0.7070789734375 0.36900456875 0.6952603640625 0.3706323234375 0.6233603703124999 0.35365991406249997 0.5899892078125 0.3498565953125 0.554853140625 0.34088941250000004 0.5499404890624999 0.324990309375 0.5544129578125 0.337571534375 0.5670371890625 0.33524456874999997 0.5919368296874999 0.31078133124999996 0.6136887203125
7 0.2495564046875 0.47735946093750004 0.26486764375 0.487276128125 0.308149275 0.4857686890625 0.311627478125 0.464747678125 0.3048803765625 0.43755159218750006 0.2960200796875 0.4300227328125 0.2805730015625 0.3913734765625 0.2654220921875 0.3775325015625 0.2511552078125 0.37411067187499997 0.24416984687499999 0.384803896875 0.22974263593750002 0.3853063765625 0.22160603750000002 0.392120971875 0.21933251406249998 0.4157125078125 0.2495564046875 0.47735946093750004
7 0.2242046765625 0.4246865125 0.219760053125 0.40524768437500003 0.2257545 0.38675151875 0.24810454062499998 0.3846668578125 0.2539386625 0.3700950015625 0.238680865625 0.3588702328125 0.22567210625 0.356710825 0.21097768281249998 0.363753821875 0.21108903125 0.4251433109375 0.20046514218749997 0.46078185625 0.20849931875 0.5205891625 0.21840397031249997 0.5346128578125 0.226166475 0.536954984375 0.2433236984375 0.5337449390625 0.25020217499999997 0.5256679203125 0.2521550453125 0.5099250015625 0.26029164374999997 0.50311040625 0.259354175 0.49399936406249995 0.2455148265625 0.4801127078125 0.249823615625 0.470818946875 0.22776527500000002 0.43370619374999997 0.22803248593749997 0.4271656765625 0.23710655625000002 0.429462125 0.23726688125 0.4255378140625 0.2242046765625 0.4246865125
7 0.5689279359375 0.3538993953125 0.5693554734374999 0.3434345703125 0.5577651609375 0.3386132765625 0.5443288609375 0.34691869531249997 0.5178838 0.353064709375 0.5132543593750001 0.3702070890625 0.535501978125 0.43474432968750004 0.53496755625 0.44782536093749997 0.5497978140625001 0.46951495468750004 0.572098875 0.5327440906249999 0.5865260859375 0.5322416109375 0.5999623859375001 0.5239361921875 0.5883186312500001 0.520423003125 0.57402279375 0.4856523765625 0.574290003125 0.47911186250000004 0.5891981937499999 0.466836453125 0.5932108203124999 0.4327344109375 0.57045773125 0.41262699999999997 0.5499002359375 0.402893053125 0.5414674734375 0.38489936875 0.543099690625 0.37700506875 0.5689279359375 0.3538993953125
7 0.36672658125 0.65484620625 0.3712246515625 0.67297693125 0.3826546359375 0.681722534375 0.40232810625 0.681037334375 0.4143993984375 0.6740856984375 0.4351706625 0.6785872328125 0.467182634375 0.6644098796875 0.47186551874999993 0.645959396875 0.4358899015625 0.6289249906250001 0.4253973828125 0.6292904312500001 0.41993735781249997 0.6347055625 0.4059376828125 0.6247432171875 0.382276078125 0.6268735609375 0.3699910171875 0.639057609375 0.36672658125 0.65484620625
7 0.2878278640625 0.7908308093749999 0.2897317546875 0.840401690625 0.29853861249999997 0.8492386515625 0.3145445984375 0.8421499750000001 0.32487232499999996 0.78170315 0.3285887875 0.722792828125 0.319675046875 0.7165720703125 0.3115094953125 0.692037871875 0.2808625296875 0.7048614390625 0.2843162453125 0.716497328125 0.303508734375 0.7275850562499999 0.3120483796875 0.7429625343749999 0.3043682703125 0.7706611015625 0.28180446406250004 0.7779781765625 0.2878278640625 0.7908308093749999
7 0.4603442109375 0.479161709375 0.5002255703125 0.464710278125 0.5044809171875 0.45672461875000003 0.49433354218750003 0.416584540625 0.449312809375 0.4286024859375 0.4255732734375 0.46469783124999997 0.350172784375 0.48299882656250004 0.36543057968750003 0.49422359531250004 0.3876737359375 0.49475513906249996 0.4143860078125 0.4820686109375 0.4603442109375 0.479161709375
7 0.1148059328125 0.377553284375 0.1566201359375 0.44402153125000005 0.180952 0.457542746875 0.199663509375 0.4804034046875 0.20501665156249999 0.47760447812500006 0.20236457031250002 0.4463470421875 0.2108752640625 0.4303757234375 0.2095347453125 0.3990726078125 0.1857373046875 0.3724703609375 0.1775717546875 0.3479361578125 0.16761365781249998 0.33522056718750004 0.1363498765625 0.331084475 0.1305157546875 0.34565632812499997 0.11346541406249999 0.3462501671875 0.110681959375 0.3502658375 0.1148059328125 0.377553284375
7 0.3364202984375 0.5631585593749999 0.31733469062499997 0.5494546234375 0.2935662015625 0.5542011734375001 0.2523487875 0.601355184375 0.253315209375 0.6418150234375 0.2823834 0.63557765 0.32421763124999997 0.6053833015625 0.336609575 0.590583046875 0.3364202984375 0.5631585593749999
7 0.5830768359375 0.58461141875 0.6053734328125 0.583834859375 0.7005787640625 0.5295755578125 0.7170122875 0.51202205625 0.7096773203125 0.49921510468749997 0.711469865625 0.48739649687500003 0.694740178125 0.48014171718750004 0.670918246875 0.48619636875000005 0.6146033640625 0.5182013000000001 0.5952260609375 0.5436947796875 0.5832082078124999 0.5493383140625 0.5779909015625 0.5808698296875 0.5830768359375 0.58461141875
7 0.11105605468749999 0.341109115625 0.1320945296875 0.3390701328125 0.13897300625 0.3309931140625 0.1664624203125 0.3313419375 0.1622271 0.24266500156249998 0.13984810625 0.21340086875000003 0.13061371093750002 0.21502873125000002 0.1237352375 0.22310575 0.11094024218750001 0.21571393125 0.1030174140625 0.2172961125 0.089100134375 0.2373744609375 0.1004277015625 0.312741965625 0.11105605468749999 0.341109115625
7 0 0.571142996875 0.0096269421875 0.579765284375 0.0306654171875 0.5777263031250001 0.036232329687499995 0.5696949640625 0.0984637296875 0.55315886875 0.097740028125 0.538815415625 0.08264255937500001 0.5236663375 0.08874389375 0.502553965625 0.073005115625 0.5031021250000001 0.039521253125 0.5212494671875 0.0159665328125 0.5207636015625 0.0012721125 0.5278065984375 0 0.5290682515625 0 0.571142996875
7 0.1615546671875 0.579698821875 0.17073561875 0.5793790624999999 0.1732229125 0.5505551109375 0.1655917828125 0.5129398796875 0.1299902578125 0.486748753125 0.1051774171875 0.48500046562500004 0.10081518593750001 0.49560233125 0.08601387968749999 0.5052615328125001 0.0814913203125 0.5197877078124999 0.084998478125 0.5301154921875 0.103816871875 0.55035994375 0.1208137703125 0.5510742078125 0.1615546671875 0.579698821875
7 0.24140641718750003 0.2921569703125 0.2324147453125 0.31990121718750003 0.233648378125 0.3538205390625 0.25656179218749997 0.37000364218750004 0.2817487296875 0.36259520625 0.2931497640625 0.3399920125 0.3024910421875 0.3357479421875 0.3002954515625 0.325374478125 0.3092336828125 0.298938334375 0.29665245625000003 0.286314103125 0.2957684296875 0.27589495625 0.2855431234375 0.2697198796875 0.27347183125 0.27667151562500003 0.264558090625 0.27045075937499996 0.2553236953125 0.2720786234375 0.24140641718750003 0.2921569703125
