7 0.3855715546875 0.7542983000000001 0.3932920390625 0.7458741015625 0.3958821125 0.73798819375 0.376139021875 0.7290392 0.37166665 0.7347181328125 0.36272190625 0.7460760015625 0.35867419843750004 0.7456992046875001 0.3491421921875 0.7509071453125 0.31185584375 0.8033094343749999 0.30688802656249997 0.81605338125 0.31622874218749997 0.8280975390625 0.3207221546875 0.8366428390625 0.32830108281250003 0.8302372140625 0.331782571875 0.8386883125000001 0.3372879109375 0.8473278093750001 0.34811495312499996 0.8381769171875 0.3652048484375 0.8123391203124999 0.38582596874999997 0.7797189015625 0.38761644687499996 0.7687109328124999 0.386300371875 0.758429653125 0.3855715546875 0.7542983000000001
7 0.7517742921874999 0.38454072031250003 0.7283940140625 0.402332103125 0.7220822250000001 0.4322217421875 0.73310979375 0.4553179765625 0.7471102046875 0.46607969374999997 0.762377378125 0.47380651875 0.7821990515625 0.476702625 0.7858528921875 0.46968619218749996 0.77675106875 0.43415797031250003 0.7588111078125 0.38939951875 0.7517742921874999 0.38454072031250003
7 0.7019852078125 0.32356064375 0.69353590625 0.32785349375 0.6722567500000001 0.35533307187499996 0.65813185625 0.3824627546875 0.6426908859375 0.39931115781250004 0.6415584437499999 0.415459765625 0.6402136703125 0.434636240625 0.641671303125 0.44289894218750003 0.643516515625 0.4583088609375 0.63455911875 0.47169730468750004 0.62641396875 0.48617723437500004 0.6249984171875 0.5063629953125 0.6383371 0.53401746875 0.6431844015625 0.5375163265625 0.6584340796875 0.5379200203125001 0.6660130093750001 0.53151439375 0.6691903453125 0.5297784140624999 0.6808380234375 0.537973815625 0.685472990625 0.5445005390625 0.7028880765625 0.5430740546874999 0.7105377859375 0.5356591390625 0.7215063828125 0.52448966875 0.72379230625 0.5064166828125 0.72709015625 0.48843789375 0.7226675203124999 0.4788833078125 0.7190234390625 0.45822655156250003 0.7215216953125 0.43712570156249997 0.7269639125 0.4030925015625 0.74393329375 0.3934975125 0.7508541859375 0.38195124687500004 0.7490216234375 0.364510753125 0.7263632671875 0.3390363578125 0.7019852078125 0.32356064375
7 0.2306618390625 0.6767751828125 0.2649399828125 0.6839296218750001 0.2975977171875 0.6691037390625 0.3108731 0.6451170187499999 0.3177041203125 0.412444725 0.2774601734375 0.35510065 0.2719097765625 0.34407459375 0.2716460859375 0.317776603125 0.261153075 0.302086696875 0.2569646765625 0.30169680468750004 0.2306618390625 0.6767751828125
7 0.3981331453125 0.4377976859375 0.3902909046875 0.4444242265625 0.3916529015625 0.4550603921875 0.4060926359375 0.45955737656249995 0.40969527031249997 0.46830024375 0.424354665625 0.469664865625 0.4871366140625 0.44608288749999997 0.49325075625 0.434040790625 0.494495503125 0.41629071875 0.48020220937499997 0.40970548906250004 0.4637927015625 0.388210134375 0.41145973593749996 0.398051665625 0.40975365156250004 0.40735129062500003 0.39504305156249997 0.42174596875 0.3981331453125 0.4377976859375
7 0.38943427656249996 0.47166886718749995 0.38541433281250004 0.48390590937500005 0.3669546546875 0.49164596562499996 0.366295671875 0.5010430625 0.37522904218750003 0.5239443484375 0.395050715625 0.52684045625 0.4078575875 0.53959294375 0.45940714531250004 0.55595193125 0.4703174625 0.55066193125 0.491113015625 0.554699634375 0.50163521875 0.5399150640625 0.4992261203125 0.529181428125 0.4778960125 0.5177374 0.47181105937499995 0.49930501875 0.42578988124999995 0.4792569078125 0.38943427656249996 0.47166886718749995
7 0.44719369999999997 0.6399409609375 0.4637276328125 0.64463289375 0.4809205484375 0.639927728125 0.49129631093750004 0.6272314015625 0.4924678359375 0.6105254546875 0.48312433437499996 0.5634144203125 0.47450586093749997 0.5510518234374999 0.461574565625 0.5551027562499999 0.42828703749999997 0.5488512562500001 0.42614163125 0.564415609375 0.43636377812499993 0.59899718125 0.43519225156249997 0.6157031328125 0.44719369999999997 0.6399409609375
7 0.4765273296875 0.7025750375 0.52383728125 0.7343034328125 0.54039323125 0.7537105421875 0.5685184796875 0.75843055625 0.5730729796875 0.7535998375 0.5743177265625 0.73584976875 0.5787257859375 0.73310729375 0.5772173484375 0.7245593734375 0.5625359390625 0.7084795749999999 0.537090653125 0.6956015328125 0.52090080625 0.6709738140625 0.4900443890625 0.6901711296874999 0.471123375 0.6894607359375 0.4765273296875 0.7025750375
7 0.6835381593750001 0.7113359890625001 0.6619371843749999 0.718783628125 0.67018955625 0.7363668328124999 0.7058129578125001 0.754396090625 0.76789189375 0.710780853125 0.7941712812499999 0.696735521875 0.7980913859375 0.64083485 0.7862635124999999 0.6441800843750001 0.7739399921875 0.6545932234375 0.7503912578125 0.6597576703125 0.72241245 0.6529494140625001 0.7164667625 0.6776184421875 0.7072113203125 0.6893681218750001 0.6835381593750001 0.7113359890625001
7 0.560332153125 0.784992884375 0.5427511203125001 0.780203478125 0.5109720296875 0.7824998984375 0.5180236859375 0.84726353125 0.54119914375 0.8925093484375 0.553325015625 0.8999437546875001 0.5678159546875 0.8886814421875 0.5782137328125 0.8907002921875 0.5873959515625 0.8799947359375 0.6057091890625 0.874342925 0.6095386609375 0.83476376875 0.59958020625 0.8264801859375 0.5919868187499999 0.7994998859375 0.5825409078125 0.78390745 0.560332153125 0.784992884375
7 0.303609446875 0.6885802421875 0.2971804109375 0.6900836484374999 0.2888256265625 0.704019040625 0.2788159671875 0.7114947609375 0.2544397953125 0.7134293703125001 0.24148648437500003 0.7027651234375 0.2376421703125 0.682439446875 0.23037654062500001 0.680843528125 0.22863426250000002 0.70568840625 0.29994125625 0.7859759875 0.31430776875 0.7915170953125 0.35797823281249996 0.7398826125 0.358637215625 0.73048551875 0.326887315625 0.7023074593749999 0.303609446875 0.6885802421875
7 0.5752547531250001 0.6623713515625 0.563956315625 0.658166784375 0.5235807671875 0.662815784375 0.5247231046875 0.6765843140625 0.5421064890625 0.6992212640625 0.57098595625 0.7082152359375 0.580702734375 0.7049160062500001 0.5752547531250001 0.6623713515625
7 0.3391079375 0.5731287765624999 0.36387222656249996 0.5806887374999999 0.3716996265625 0.5141573609375001 0.3611846015625 0.48375227656249997 0.343581553125 0.46424769218749995 0.31613730156250003 0.464845759375 0.313765059375 0.528732134375 0.31746293125 0.5511460593749999 0.3391079375 0.5731287765624999
7 0.35011300156249997 0.4312256859375 0.3407331359375 0.4597787859375 0.3545138859375 0.4736728671875 0.3660319828125 0.474745071875 0.3715603625 0.4710559484375 0.376700625 0.4578722578125 0.3982063640625 0.43675356406250004 0.40968043125 0.4083954109375 0.43500846718749997 0.3928872171875 0.436326434375 0.37409302499999997 0.4235927828125 0.36029641562500003 0.3949549921875 0.3628852546875 0.3490218734375 0.4016978578125 0.35011300156249997 0.4312256859375
7 0.5804538828125 0.7385228500000001 0.5740248453125 0.7400262546875 0.57180621875 0.7566347312499999 0.5865608515625 0.771670409375 0.59303391875 0.799597359375 0.6033584734375 0.8026603328125 0.6162165515625 0.7996535203125 0.6149789796875 0.7722139343750001 0.630421784375 0.7473780375 0.620902653125 0.732829725 0.58265049375 0.707199196875 0.5718866171875 0.7104009546875 0.578191228125 0.72570096875 0.5851548234374999 0.7316038875 0.5804538828125 0.7385228500000001
7 0.3124327421875 0.6379056390625 0.3073877140625 0.6647603859375 0.32491754375 0.6853090921875 0.35387023125 0.69325894375 0.375544428125 0.684767184375 0.3860666265625 0.6699826140625 0.3901377765625 0.6419862734375 0.3878019015625 0.630208515625 0.3607309265625 0.58039631875 0.3453173140625 0.5747577359375 0.3323640015625 0.56409349375 0.31889814843750003 0.5607380984375 0.312176228125 0.56641799375 0.3124327421875 0.6379056390625
7 0.4207013125 0.6269654453125 0.3963983609375 0.6278559328125 0.38945677968750003 0.636668190625 0.38599340781249997 0.6710267375 0.4171135171875 0.6781274125000001 0.43766739218749995 0.670582303125 0.44446253281250003 0.6638582875 0.4465127015625 0.634622878125 0.43497259218749995 0.618835496875 0.4207013125 0.6269654453125
7 0.296184515625 0.6742268765625 0.27263578125 0.6793913234375 0.231725675 0.676634 0.23031247187499998 0.6817571359375 0.2296290828125 0.691502271875 0.230700590625 0.6912517046875 0.23130836718749997 0.6976139078125 0.2492775171875 0.71189788125 0.26379047187500004 0.715350746875 0.2798630671875 0.7115922343750001 0.2910662671875 0.70212574375 0.297107190625 0.69112776875 0.296184515625 0.6742268765625