7 0.540683353125 0.0892871734375 0.5551256546875 0.09223401249999999 0.5621029671875 0.0888389890625 0.587429971875 0.11576858906250001 0.6039378906249999 0.125432284375 0.6314224375 0.1332941953125 0.7088784218749999 0.142259053125 0.7217427875 0.14822592031249998 0.74769535625 0.14621558437499999 0.7649837374999999 0.13233368437499998 0.7738087953125 0.0990822875 0.766722546875 0.0841906984375 0.7514368078125 0.073610565625 0.7187077875 0.0715179921875 0.6865353875 0.059823892187500005 0.6273661203125 0.0500047703125 0.598969190625 0.053847978124999994 0.5668827453125 0.066886628125 0.5449524718750001 0.06404406562500001 0.540683353125 0.0892871734375
7 0.46813295312500003 0.22169255468750002 0.4809743328125 0.23410555781250003 0.5189248484375 0.2368749328125 0.5458527734375 0.2543383671875 0.59682255 0.26846895000000004 0.672901459375 0.272955903125 0.6812618203125 0.22352148593750001 0.6197171375 0.1961968234375 0.5757016921875 0.185117353125 0.529041028125 0.183368690625 0.500890925 0.16682169062500002 0.4855592203125 0.1691338328125 0.467404421875 0.1818285765625 0.4496513421875 0.179527453125 0.44418302499999995 0.1992408578125 0.46140246406249996 0.20469736875 0.46813295312500003 0.22169255468750002
7 0.55892320625 0.29694824375 0.555922228125 0.3083826390625 0.5590321421875 0.315234859375 0.5746966234374999 0.3172652609375 0.5896266046874999 0.329948984375 0.6094452984375 0.3389669671875 0.7297634953125 0.34058931718749996 0.7442287796875 0.3370900203125 0.7706060531250001 0.31363768125 0.7635198046875 0.2987460890625 0.7663658843750001 0.28191735 0.743924953125 0.27578403749999997 0.6850654828125 0.27675359843749997 0.625540453125 0.2690380671875 0.6053200390625 0.275015953125 0.577565684375 0.29399038593750004 0.5681669968749999 0.2927721453125 0.55892320625 0.29694824375
7 0.42067405 0.2940765640625 0.41034 0.3110095765625 0.38414060625 0.3334101203125 0.37538449375 0.3473231046875 0.3734278125 0.35889286249999997 0.3774041453125 0.3669322359375 0.38957997031249997 0.37066015 0.3888454703125 0.3813134734375 0.3956219203125 0.3854163828125 0.41686365625 0.3860199921875 0.432218340625 0.3772617140625 0.4498624828125 0.3612762234375 0.46097699687500004 0.320797615625 0.4885304875 0.3093211125 0.5124634046875001 0.287701646875 0.52070885625 0.2704979125 0.5251558578125 0.24420301093750002 0.52100164375 0.23721543125000003 0.486006146875 0.235903934375 0.4697850453125 0.24347505625000002 0.42067405 0.2940765640625
7 0.5341919140625 0.49366520625000004 0.5127493171874999 0.5005595265625 0.49648225312500005 0.5210229234375 0.48321616718750005 0.5300519218749999 0.48719250000000003 0.538091296875 0.49799124843750003 0.53734130625 0.5117220296875 0.5444953296875 0.5369630796875 0.5466921765625 0.5840254687499999 0.533444975 0.63959714375 0.5266749953125001 0.6532189890625 0.5155424046875 0.65446415 0.50817983125 0.6490877562499999 0.5021086890625 0.6508895390625 0.48514459062500004 0.6437803093750001 0.4766991359375 0.63107084375 0.47612661093749997 0.5759868453125 0.49263347656249995 0.566209415625 0.4999649625 0.5341919140625 0.49366520625000004
7 0.4721016515625 0.57053053125 0.47476985312500003 0.5547535890625 0.472038678125 0.5393516421875 0.3996782375 0.46870580781250004 0.3713732359375 0.44676446875 0.377455178125 0.499145725 0.42377709374999994 0.5470691453125001 0.43032970156249994 0.565116121875 0.44699251718750005 0.580174159375 0.46110204218749995 0.5787784546875 0.4721016515625 0.57053053125
7 0.3167309515625 0.4859004921875 0.32832717499999997 0.5056760687499999 0.3462581328125 0.506925396875 0.3602127578125 0.5001353515625 0.366168753125 0.4901588296875 0.3701050953125 0.46057317812500004 0.3680394796875 0.4538563203125 0.37246349843750004 0.4340075546875 0.3681543859375 0.42162563437499995 0.3567130625 0.4072443984375 0.33844932499999997 0.4016525265625 0.3241159578125 0.4169923046875 0.31715565625000003 0.4644584890625 0.3167309515625 0.4859004921875
7 0.4029320125 0.3863639046875 0.398863753125 0.404109078125 0.40661555937499994 0.427685759375 0.4284309265625 0.46275900937500003 0.43816239375 0.46831979375 0.44678061874999997 0.49308363125000004 0.4603105375 0.5077355875 0.46866492812500005 0.5088184671875 0.4740872828125 0.5019973375 0.480353075 0.5028094984375 0.4932863828125 0.48943795312500005 0.49348724375 0.48194002031250005 0.487066553125 0.47573351875 0.4727621390625 0.4341098578125 0.45148041250000004 0.39588122187499997 0.43586189375 0.3809585453125 0.42855180312499996 0.3800110234375 0.413375 0.38771750625 0.4029320125 0.3863639046875
7 0.280669075 0.29527671093749996 0.22638255156249998 0.33230914375 0.20566848593749998 0.3790674421875 0.2054676265625 0.386565375 0.2092890609375 0.3892104078125 0.2251544015625 0.3837428796875 0.24657401874999998 0.38329469375 0.270460971875 0.3745675 0.298393203125 0.3545412703125 0.3097715515625 0.337743615625 0.33139202968750003 0.3297975 0.34508281875 0.299326496875 0.32681908125 0.293734625 0.32495432812499997 0.2795198359375 0.3096456046875 0.275385840625 0.295180321875 0.2788851375 0.280669075 0.29527671093749996
7 0.14100791875000002 0.39540786250000004 0.14445061406249998 0.4066026265625 0.2389881515625 0.4597008171875 0.248920478125 0.45776366875 0.2460803703125 0.4240751078125 0.2328602453125 0.42021183281249996 0.23343984843749999 0.4041641703125 0.2284192171875 0.39598943750000004 0.2096448203125 0.3871068171875 0.20375777031250003 0.377744925 0.1825619984375 0.36424904062499996 0.16743115625 0.35906325 0.152277334375 0.3603235953125 0.1429645984375 0.38383810625 0.14100791875000002 0.39540786250000004
7 0.363189853125 0.6907701515625 0.3549044078125 0.670348859375 0.271676278125 0.6197914250000001 0.25932257187499996 0.61711530625 0.2457237078125 0.6218017609375 0.23587733281249998 0.6484716609375 0.2508073140625 0.6611553859375 0.27584750156250004 0.670850165625 0.317372628125 0.69665478125 0.35863391718750004 0.698778440625 0.363189853125 0.6907701515625
7 0.7082221015625 0.6194085484375 0.7092893828125 0.6130977718749999 0.702180153125 0.60465231875 0.6389256125 0.56850720625 0.587754975 0.56187455625 0.5847539984375001 0.573308953125 0.5970847218750001 0.5824312093749999 0.60936948125 0.6044457390625 0.6768012140625 0.641132290625 0.68306700625 0.64194445 0.7082221015625 0.6194085484375
7 0.333220959375 0.6471160874999999 0.3366866328125 0.6518647125 0.4114514390625 0.68305265 0.43740400937499996 0.6810423140624999 0.45480132656250005 0.685447028125 0.4602466625 0.6721797609375 0.44911513750000004 0.66858720625 0.4333417203125 0.6482701890625 0.4208331171875 0.640199728125 0.3742184140625 0.625558790625 0.3627541109375 0.6176236921875 0.35022252656249997 0.61599936875 0.3442895125 0.6195297531249999 0.3348218796875 0.637649921875 0.333220959375 0.6471160874999999
7 0.549816403125 0.45807058281249996 0.5461268859375 0.46726602812499995 0.50777465 0.47949251875 0.5040851296875 0.4886879640625 0.5073729265625 0.49448838593750005 0.5230603890625 0.4900726515625 0.563432278125 0.49745529062499994 0.6268936484375 0.47558516875 0.6519798 0.47238767812500004 0.66402370625 0.4642751140625 0.6597145953125 0.45189319687499996 0.6627155734375 0.4404587984375 0.6562948828125 0.4342522953125 0.6547629078125 0.42438005 0.6234109640625001 0.42676538124999996 0.5705474796875001 0.45538344531249997 0.549816403125 0.45807058281249996
7 0.305518540625 0.6026809484375 0.311721359375 0.5723142203125 0.3112336828125 0.5625773359374999 0.29803654062499996 0.5522679234375001 0.29617178593750004 0.5380531328125 0.276353090625 0.5290351531249999 0.26935279687499997 0.5388763140624999 0.26532452968750003 0.5942465140625 0.2798527875 0.6219261015625 0.2871628796875 0.6228736234375 0.305518540625 0.6026809484375
7 0.29660753125 0.6111995921875 0.2944729703125 0.6238211453125 0.30573641406249996 0.6392541781250001 0.32646749062499997 0.6365670406249999 0.371533203125 0.5972645703125 0.34547169843750003 0.5809882921875 0.3301629765625 0.576854296875 0.29660753125 0.6111995921875
7 0.2212111890625 0.6594688921875 0.20987879999999998 0.6633742703125 0.2030563875 0.672163634375 0.20074394843749999 0.6858369828125 0.21167461250000003 0.696927471875 0.2927971359375 0.703143021875 0.30573044375 0.6897714781250001 0.2598502421875 0.6644772203125 0.2212111890625 0.6594688921875
7 0.4215097140625 0.74347328125 0.4257558546875 0.724676309375 0.42284679843750006 0.710326159375 0.407630003125 0.680407615625 0.36659255625 0.6643398875 0.361835759375 0.6798461109375 0.36387839375 0.693009103125 0.3827157625 0.7330706140625 0.39797851875 0.75009688125 0.4096436875 0.750534046875 0.4215097140625 0.74347328125
7 0.28417293906249996 0.728896484375 0.31468144531250003 0.718877859375 0.3350567625 0.7182943140625 0.340989775 0.71476393125 0.3474794109375 0.7016320234375 0.3053746828125 0.6918750703125001 0.2900199984375 0.7006333484375 0.252935903125 0.69905113125 0.2494472453125 0.7007486421875 0.24817910625 0.714557353125 0.254398934375 0.7282617874999999 0.28417293906249996 0.728896484375