7 0.5958786968750001 0.8655026390625 0.5811409015625 0.8665972562500001 0.5755005093750001 0.8716800609375 0.54297289375 0.853033303125 0.5241940921875 0.8483349265625 0.4954550984375 0.8482879593750001 0.41851452968749997 0.8606222453125 0.4043607296875 0.8584388625000001 0.380120546875 0.8673102874999999 0.36782437031250004 0.8850736984375001 0.3695822078125 0.9188690890625001 0.3809422203125 0.9310390734375 0.3988318234375 0.93693185 0.43082240625 0.930117615625 0.465228203125 0.932526975 0.52491598125 0.9259123078125 0.5509345625 0.914652078125 0.5776633328125 0.893710453125 0.5995411234375 0.8905058296874999 0.5958786968750001 0.8655026390625
7 0.5227678625000001 0.8240683343749999 0.5024366421875001 0.8015067625000001 0.48228443125 0.7874321875 0.4463790328125 0.78205003125 0.409405428125 0.7693752765624999 0.39019523125 0.7689966984375001 0.3816818234375 0.761730509375 0.334290221875 0.7505817687499999 0.31792663125 0.7551069859374999 0.31782684687499996 0.7689555828125 0.3037258640625 0.7816625953125 0.3065988796875 0.794011590625 0.30411029375 0.806081790625 0.325762109375 0.8231291609375001 0.3695705078125 0.831610309375 0.3879179140625 0.8406284859375001 0.44008711875 0.855334021875 0.5344594875 0.8457671140624999 0.537074265625 0.827293515625 0.5227678625000001 0.8240683343749999
7 0.5146418921875 0.6741489765625001 0.5140050796875 0.6625365796875 0.508922275 0.6568961859375 0.4932952796875 0.6591852031250001 0.47510047499999997 0.6512088265625 0.4533488765625 0.6480100531249999 0.3376093375 0.6787973796875 0.32482895 0.6859901921875 0.3067661875 0.7152398062499999 0.3181261984375 0.7274097921875 0.32056781875 0.744078584375 0.34394521093749997 0.7438467578125 0.40002338125000003 0.727119296875 0.45940595625 0.7184210296875 0.476937540625 0.7073398125 0.4976943078125 0.6819521921875 0.507070503125 0.6805787828125001 0.5146418921875 0.6741489765625001
7 0.647939425 0.6397256296875 0.6526378 0.6209468265625 0.6708531640625 0.5927390140625 0.6749675453124999 0.5772382125 0.6732889328125 0.5657784171875 0.6670117265625 0.5592488265625 0.6542049296875 0.558996440625 0.65163711875 0.5487310453124999 0.643886715625 0.5466738546875 0.623355928125 0.551809478125 0.6113385453125 0.5642112890625001 0.5993475703125 0.584058296875 0.6011318171875 0.6252988875 0.5782650453125 0.643546509375 0.5619806781250001 0.670407321875 0.5593659015625 0.6888809218749999 0.5631809296875 0.714925909375 0.569305534375 0.720413703125 0.60322711875 0.7122524640625 0.6164389015625 0.7007398515625 0.647939425 0.6397256296875
7 0.44968645 0.6230068625 0.4847965828125 0.5721054343749999 0.49139954843749994 0.5445344328124999 0.48987353593750005 0.534116434375 0.49711331562499994 0.51815783125 0.4960451078125 0.510865234375 0.4890313046875 0.50657184375 0.48084950937500004 0.5088344515625 0.47434632656250003 0.52255685625 0.4600663359375 0.5267768703125 0.43986715624999995 0.541441290625 0.41131302343750004 0.5935107140625 0.3958914484375 0.611731928125 0.39152468125 0.6400395265625 0.4018164859375 0.6449169125 0.4066204953125 0.6559189046875 0.42567809062500006 0.6552556828125 0.439500278125 0.64791026875 0.44968645 0.6230068625
7 0.4779236796875 0.4815950625 0.4963444609375 0.46931944375 0.50564143125 0.44561043749999996 0.515575215625 0.433513828125 0.5092980078125 0.4269842375 0.49918521406250005 0.4305938484375 0.483837015625 0.4275212671875 0.458986425 0.43222549375 0.4179776640625 0.45738713593749997 0.3668297 0.478713190625 0.35720111875 0.4928933984375 0.3582693265625 0.5001859953125 0.36528313125 0.5044793875 0.36876655 0.520995578125 0.378169153125 0.5270673671874999 0.3905181484375 0.524194353125 0.4382091015625 0.49379730468750005 0.44532268906250005 0.4842420984375 0.4779236796875 0.4815950625
7 0.5137909671875 0.3922732390625 0.5160799859375 0.4079002328125 0.5234253984375 0.42172242187500003 0.6144258328125 0.46904950625 0.6482740406249999 0.48218206406249997 0.626363990625 0.4343121015625 0.5672807671875 0.40146457656249995 0.5554629515625 0.3861691921875 0.5348793453125 0.3764144203125 0.521793753125 0.3815236328125 0.5137909671875 0.3922732390625
7 0.6365941203125 0.5477420625 0.6350417 0.5298788703125 0.6203772796875 0.509679690625 0.588712453125 0.4823933328125 0.577684053125 0.479752146875 0.561825234375 0.45866377031249994 0.5443670265625 0.44845119218749996 0.5360326296875 0.4496720015625 0.5329336390625 0.4575750046875 0.526682840625 0.4584906109375 0.5184012625000001 0.4746018140625 0.52051126875 0.4817418125 0.5285668718750001 0.48588260156249996 0.5550491078124999 0.5213771625 0.5871717359375 0.5517889203124999 0.60671354375 0.5616962953125 0.6140061390625 0.5606280859375 0.6261761234375001 0.5492680734375 0.6365941203125 0.5477420625
7 0.7816683484375 0.600982484375 0.8222926828125001 0.5514016453125 0.8277746234375 0.501647653125 0.8256646156249999 0.49450765625 0.8211922140624999 0.4930344625 0.8076752296875 0.502463475 0.787297040625 0.508640896875 0.7670978625 0.5233053171875001 0.7464936984375 0.5497347359375 0.7407535203125 0.5686661390625 0.722485340625 0.5819835578125 0.7187289781249999 0.6144583531250001 0.737939175 0.6148369312499999 0.7440901890625 0.6277699218749999 0.760022384375 0.627564503125 0.7728027734375 0.6203716906250001 0.7816683484375 0.600982484375
7 0.3312647703125 0.3594168578125 0.32204117499999996 0.3618320671875 0.322067584375 0.36927726562499996 0.3325119890625 0.375196453125 0.34255140625 0.3928806375 0.3696646046875 0.39635820625 0.3914690203125 0.4144473765625 0.417719428125 0.4265645421875 0.4394446203125 0.42231811874999997 0.44292218749999995 0.395204921875 0.4317147765625 0.3840767359375 0.3671437609375 0.35735381718750003 0.3312647703125 0.3594168578125
7 0.8846891734375 0.46883539374999994 0.8779541625 0.4591804046875 0.7711007578125 0.43439433281250006 0.762182365625 0.43889314218750003 0.7752473984375 0.4699681203125 0.7890959953125 0.470067903125 0.7934686125 0.4853896953125 0.80078761875 0.4917666859375 0.8214974171874999 0.4951180609375 0.8300108249999999 0.5023842484375 0.8544564265625001 0.5094450187499999 0.8705412234375001 0.5102814015625 0.8846686140625 0.5050195859375 0.8863677859375001 0.48029518906249996 0.8846891734375 0.46883539374999994
7 0.7592829437499999 0.41909894999999997 0.7398937375 0.41023337499999996 0.7210151515625001 0.41938359375 0.6998534000000001 0.4565362109375 0.6844112671875 0.5109416140625 0.6847692859375 0.5279156125 0.688657690625 0.5326668078125001 0.697576084375 0.5281679968749999 0.7109140609375 0.510251984375 0.7187378359375 0.49101538125 0.728545428125 0.48532217187500004 0.74114680625 0.469642359375 0.7655131828124999 0.4543675359375 0.7592829437499999 0.41909894999999997
7 0.74497654375 0.4158737671875 0.7534635421875 0.4156947578125 0.7593827265625 0.405250353125 0.7575779218750001 0.40019395625 0.7446185234375 0.398899771875 0.7304383156250001 0.38927119062500004 0.7092707125 0.382794415625 0.6513613312500001 0.38702028125 0.6157611359375 0.3837217234375 0.5922575484375 0.39035695000000004 0.5889061734375 0.41106675 0.6272531890625 0.43311770000000005 0.6418383828125 0.4309812828125 0.6552027687499999 0.42051047031250005 0.6675517625 0.41763745625000004 0.679927165625 0.42220964062500005 0.688745775 0.4315594296875 0.714054165625 0.42998060000000005 0.732601140625 0.41130158281250007 0.7397411359375 0.40919157500000003 0.74497654375 0.4158737671875
7 0.2726246421875 0.40950831406250005 0.27354025000000004 0.41575911249999997 0.282942853125 0.42183089999999995 0.35462745625 0.4389986140625 0.4056756390625 0.43152115625 0.40503882343750003 0.4199087578125 0.3904272203125 0.41459997812499993 0.3719008046875 0.397094803125 0.2960490015625 0.3805374921875 0.2897982046875 0.3814531 0.2726246421875 0.40950831406250005
7 0.623294415625 0.2825879390625 0.6185168140624999 0.2790311453125 0.5373298203125 0.2696402390625 0.5130896359375 0.278511665625 0.4950738421875 0.2790222859375 0.49393225625000003 0.2930234859375 0.5056972546875 0.293428471875 0.5270438671875 0.30839224375 0.5415028703125 0.312659225 0.5906464609375 0.31397396875 0.6040636625 0.3183935515625 0.6165652578125 0.3165623375 0.6211638515625 0.31163213437500004 0.6246678265625001 0.291964134375 0.623294415625 0.2825879390625
7 0.4738885234375 0.5194314578125 0.4745987125 0.5097500593750001 0.507578278125 0.48789282656250005 0.50828846875 0.47821142656250004 0.5033582640625001 0.4736128328125 0.48968867656250004 0.4820000484375 0.44875329218750004 0.48586789374999995 0.3946853453125 0.5235839484375 0.3716395625 0.5333445734375 0.3625949765625 0.54424678125 0.3705243875 0.55479096875 0.3711612 0.566403365625 0.379216803125 0.5705441546875 0.38371561249999997 0.5794625484375 0.41301219375000003 0.5687863171875 0.45485733906250003 0.527539878125 0.4738885234375 0.5194314578125
7 0.6802998921875 0.3593700546875 0.66670368125 0.34646347187500004 0.6436314875 0.3487788984375 0.622311284375 0.34126032500000003 0.5761404906250001 0.3384459796875 0.561555296875 0.340582396875 0.55309470625 0.348206603125 0.5497169234375 0.3614712046875 0.5517271484374999 0.3824597984375 0.5908841375 0.380980753125 0.5938833421874999 0.38692634843749996 0.63392953125 0.384252903125 0.6577647296875 0.387146475 0.6887135140625 0.380484840625 0.6989525000000001 0.37047183125 0.6946062921875 0.3625952359375 0.6802998921875 0.3593700546875
7 0.6634726484375 0.317140484375 0.6668562812500001 0.34750527343750004 0.670313290625 0.3565762671875 0.68611929375 0.3627742484375 0.6922703078125 0.3757072375 0.7140219078125 0.3789060109375 0.71770489375 0.3677250109375 0.704560634375 0.31431443593749997 0.6821458140625001 0.2920580671875 0.6748532171875 0.293126275 0.6634726484375 0.317140484375
7 0.716472384375 0.27213183281250003 0.7190401953125 0.2823972265625 0.7418335921875 0.2854434 0.7763186156249999 0.3101883546875 0.7949184046875 0.3063997328125 0.79651779375 0.295523934375 0.80289478125 0.288204928125 0.7967437687500001 0.27527193906249997 0.7334933453125 0.24303481875 0.7193659546875 0.2482966359375 0.716472384375 0.27213183281250003
7 0.5091425625 0.2152406859375 0.510847584375 0.23414567812499998 0.5180403984375 0.2469260671875 0.541802221875 0.271113434375 0.586042015625 0.27527478125 0.585836596875 0.2593425875 0.579838184375 0.24745139531250002 0.549493953125 0.21465083906250002 0.5296469453125 0.2026598640625 0.51833975 0.205380275 0.5091425625 0.2152406859375
