7 0.3064694640625 0.720381340625 0.31222557812499996 0.6954136546874999 0.32281755625 0.677966953125 0.321131884375 0.672189971875 0.28254569531249996 0.6768632015625 0.27622810625 0.6812367874999999 0.2663339828125 0.7123901828125 0.267151015625 0.7270710578124999 0.28581382187500004 0.73558670625 0.2963713953125 0.7338631859375 0.3064694640625 0.720381340625
7 0.1800181890625 0.6870066375 0.192755340625 0.6870952421875 0.19723367812499998 0.6916936734375 0.2104647375 0.6878174203125 0.2167995296875 0.67558224375 0.1772943359375 0.6567388234375 0.1754206765625 0.681434021875 0.1800181890625 0.6870066375
7 0.8346614718750001 0.3246807140625 0.8330605703125 0.3356010984375 0.8364491171875 0.33929346875 0.8394457281250001 0.35578646875 0.8479084921875 0.36894818906250004 0.860390090625 0.37495001562499997 0.8785245828124999 0.4031537015625 0.890512271875 0.413120384375 0.9173319234375 0.4082904296875 0.9207548734375001 0.39625961875 0.9280430765625001 0.3918179109375 0.9267321359375 0.3811018921875 0.9091935250000001 0.3577691234375 0.894787903125 0.34404195 0.8871765765624999 0.3298379234375 0.8784582562500001 0.322589428125 0.8663341890625 0.3195101515625 0.8365523328125001 0.29212392343750004 0.8309498015625 0.3023426109375 0.8346614718750001 0.3246807140625
7 0.8217632828125 0.67537301875 0.8235853328125 0.6742625921875 0.8237217125 0.6673751859375 0.8227511 0.6674433078125 0.8226319234374999 0.6664691234375 0.8206906953124999 0.6666053671875 0.8205715187499999 0.6656311828125 0.815599275 0.66499760625 0.81330051875 0.6622112984374999 0.8113592921875 0.6623475421875 0.811240115625 0.661373359375 0.8092988875 0.6615096015625 0.8091797109375 0.66053541875 0.7965617359375 0.6614209984375 0.7966809125000001 0.66239518125 0.794739684375 0.662531425 0.7948588625 0.663505609375 0.793888246875 0.6635737296875 0.7940074234375001 0.6645479140624999 0.7930368109375 0.6646160359375 0.790601675 0.668717134375 0.7868383984375 0.6699638046875 0.786957575 0.6709379890625 0.7859869609375 0.671006109375 0.7862253140625 0.6729544765625 0.7852547000000001 0.6730225984375 0.785493053125 0.674970965625 0.786463665625 0.67490284375 0.786940371875 0.6787995796875 0.7879109843750001 0.6787314578125 0.7881493390625 0.680679825 0.7891199515625 0.6806117031250001 0.7914187078125 0.6833980109375 0.8010056656250001 0.6817426125 0.80112484375 0.6827167953125 0.8031852468749999 0.6835547359375 0.804632565625 0.6873833484375 0.8065737937499999 0.68724710625 0.80669296875 0.6882212890625 0.8115460359375 0.68788068125 0.8114268593749999 0.6869064984375 0.8133680875 0.6867702546875 0.814100346875 0.684753765625 0.8160415750000001 0.6846175234375 0.8158032234375 0.68266915625 0.8167738359375001 0.682601034375 0.817506096875 0.6805845453125 0.8194473234374999 0.6804483015625 0.819328146875 0.67947411875 0.8220016343750001 0.6773213859375 0.8217632828125 0.67537301875
7 1 0.5819150375000001 0.9852883453124999 0.5636762859375 0.9765700265625 0.5564277890625 0.9649570687500001 0.5415220671875 0.9608534656250001 0.5319845953125 0.9586738859375 0.5301724703125 0.9431440671875 0.531262415625 0.932944025 0.5359084875 0.9315986796875 0.5409156484375 0.9532408953125 0.5737858874999999 0.9551649203125001 0.5815112359375 0.9511460875 0.5886711296875 0.9530701125000001 0.5963964765624999 0.9662667671875 0.6082434046875 0.969297784375 0.6090132234375 0.9760920796875 0.6085363734375 0.9801109125 0.6013764796875 0.98423171875 0.6030523609375 0.9918774499999999 0.6015332046874999 1 0.5905061109374999 1 0.5819150375000001
7 0.8852623 0.6502828968750001 0.8782296531249999 0.64881138125 0.8745855499999999 0.651032234375 0.8733593828125 0.6570135796875001 0.8706858937499999 0.6591663109375 0.8699536328124999 0.6611828 0.8712817765624999 0.6640372296875 0.9361937078125001 0.6584989015625 0.9376582296875 0.6544659234375 0.935870584375 0.63985316875 0.933691003125 0.6380410453125 0.920221590625 0.6399689296875 0.9176672781249999 0.6430958453125 0.9164411093749999 0.649077190625 0.9146190593749999 0.6501876171875 0.8922949484375 0.6517544140625 0.892175771875 0.6507802296875 0.8853814765625 0.65125708125 0.8852623 0.6502828968750001
7 0.3696540546875 0.28460825624999997 0.3514163453125 0.3035741140625 0.33843959843750004 0.3575424625 0.3404655953125 0.374103584375 0.3459145453125 0.37863389375 0.3545308921875 0.3770466171875 0.3562165625 0.382823596875 0.361427159375 0.385405540625 0.36919206718750003 0.3848605671875 0.373449253125 0.3796490421875 0.3763610953125 0.3794446765625 0.37843870156250004 0.3724210265625 0.381963625 0.3692259890625 0.383428146875 0.36519301249999997 0.38126577031250003 0.355519296875 0.3916538015625 0.320401046875 0.3873462484375 0.293192025 0.3793429875 0.29178863125 0.37668670312499997 0.286079771875 0.3696540546875 0.28460825624999997
7 0.3916538015625 0.320401046875 0.40204058906249995 0.34128811406250004 0.42250824375 0.3565549265625 0.42831472187499997 0.36400778749999996 0.4546232625 0.3710042796875 0.45729675 0.3688515484375 0.4585229203125 0.362870203125 0.4669009125 0.3593345578125 0.46921687187499994 0.354259275 0.4596815203125 0.3323299015625 0.45314278124999996 0.3268935296875 0.4335093609375 0.318446003125 0.4149485265625 0.318766128125 0.40527679687499996 0.3037241625 0.399827846875 0.299193853125 0.389151096875 0.2999431890625 0.3916538015625 0.320401046875
7 0.430359165625 0.316702 0.44202373125000005 0.30802295156250004 0.485735746875 0.2892343 0.509621534375 0.26299420156250003 0.41619997968750005 0.2695509 0.405583959375 0.27422616718750004 0.3975634953125 0.2806843625 0.39754629375 0.2885459546875 0.41700892968750003 0.31960406875 0.430359165625 0.316702
7 0.4831298265625 0.3159459875 0.51105646875 0.3041605046875 0.5314737593750001 0.2870067703125 0.5522313765625 0.280637178125 0.5772633796875 0.26119446874999996 0.578361771875 0.258169734375 0.510554709375 0.26292870625 0.489260671875 0.2860392625 0.477357753125 0.29276994375 0.4764719109375 0.30953543125 0.4831298265625 0.3159459875
7 0.5159082953125 0.3598252140625 0.5148357078125 0.3510575625 0.4998342046875 0.33245946875 0.460550159375 0.32342600625 0.458353378125 0.3294754734375 0.4703238640625 0.347303746875 0.4725882140625 0.36581323593750004 0.47936530624999996 0.37319797499999996 0.49354977812499995 0.3771151921875 0.507019190625 0.37518730625 0.5159082953125 0.3598252140625
7 0.591412203125 0.336840184375 0.6168865078125 0.33701739218750004 0.6556766453125 0.3500157109375 0.67084893125 0.3460032140625 0.67136004375 0.3341767671875 0.6329446390625 0.316239409375 0.616972521875 0.2977094375 0.586543175 0.2890370640625 0.559281225 0.274247103125 0.54870645 0.2838322140625 0.5343856 0.2868024046875 0.5363096234375 0.294527753125 0.5319160593750001 0.30662668593750003 0.5448743625 0.316525246875 0.591412203125 0.336840184375
7 0.6250777578125 0.3079486078125 0.6370654453125 0.317915290625 0.6516246484375 0.3168934671875 0.6648729109375 0.3051556234375 0.667308046875 0.3010545234375 0.6644306125 0.2855357078125 0.6499058140625 0.27083435 0.644432821875 0.253532603125 0.608936096875 0.25602390625 0.61286891875 0.288171965625 0.618198690625 0.29172809375000003 0.6250777578125 0.3079486078125
7 0.5774316796875001 0.3505945171875 0.592075653125 0.366270059375 0.600811175 0.3656569640625 0.609767846875 0.374853828125 0.626251075 0.381557353125 0.6330453703125001 0.3810805015625 0.64435240625 0.3694789015625 0.6486267953125 0.35640578437500003 0.6423436109375 0.3450561890625 0.618827734375 0.3368811484375 0.5904415890625 0.33690830625 0.5539674125 0.3188347046875 0.537841715625 0.31505373125 0.538556771875 0.3208988328125 0.557696284375 0.333311215625 0.56386029375 0.343686628125 0.5774316796875001 0.3505945171875
